-- Мы берем созданные в Initializing.lua объекты и присваиваем их локальным переменным
local Esp = getgenv().Esp
local Others = getgenv().Others
local Player = getgenv().Player
local Library = getgenv().Library 
QuestB = function()
		if World1 then
			if _G.FindBoss == "The Gorilla King" then
				bMon = "The Gorilla King";
				Qname = "JungleQuest";
				Qdata = 3;
				PosQBoss = CFrame.new(-1601.6553955078, 36.85213470459, 153.38809204102);
				PosB = CFrame.new(-1088.75977, 8.13463783, -488.559906, -0.707134247, 0, .707079291, 0, 1, 0, -0.707079291, 0, -0.707134247);
			elseif _G.FindBoss == "Bobby" then
				bMon = "Bobby";
				Qname = "BuggyQuest1";
				Qdata = 3;
				PosQBoss = CFrame.new(-1140.1761474609, 4.752049446106, 3827.4057617188);
				PosB = CFrame.new(-1087.3760986328, 46.949409484863, 4040.1462402344);
			elseif _G.FindBoss == "The Saw" then
				bMon = "The Saw";
				PosB = CFrame.new(-784.89715576172, 72.427383422852, 1603.5822753906);
			elseif _G.FindBoss == "Yeti" then
				bMon = "Yeti";
				Qname = "SnowQuest";
				Qdata = 3;
				PosQBoss = CFrame.new(1386.8073730469, 87.272789001465, -1298.3576660156);
				PosB = CFrame.new(1218.7956542969, 138.01184082031, -1488.0262451172);
			elseif _G.FindBoss == "Mob Leader" then
				bMon = "Mob Leader";
				PosB = CFrame.new(-2844.7307128906, 7.4180502891541, 5356.6723632813);
			elseif _G.FindBoss == "Vice Admiral" then
				bMon = "Vice Admiral";
				Qname = "MarineQuest2";
				Qdata = 2;
				PosQBoss = CFrame.new(-5036.2465820313, 28.677835464478, 4324.56640625);
				PosB = CFrame.new(-5006.5454101563, 88.032081604004, 4353.162109375);
			elseif _G.FindBoss == "Saber Expert" then
				bMon = "Saber Expert";
				PosB = CFrame.new(-1458.89502, 29.8870335, -50.633564);
			elseif _G.FindBoss == "Warden" then
				bMon = "Warden";
				Qname = "ImpelQuest";
				Qdata = 1;
				PosB = CFrame.new(5278.04932, 2.15167475, 944.101929, .220546961, -4.49946401e-06, .975376427, -1.95412576e-05, 1, 9.03162072e-06, -0.975376427, -2.10519756e-05, .220546961);
				PosQBoss = CFrame.new(5191.86133, 2.84020686, 686.438721, -0.731384635, 0, .681965172, 0, 1, 0, -0.681965172, 0, -0.731384635);
			elseif _G.FindBoss == "Chief Warden" then
				bMon = "Chief Warden";
				Qname = "ImpelQuest";
				Qdata = 2;
				PosB = CFrame.new(5206.92578, .997753382, 814.976746, .342041343, -0.00062915677, .939684749, .00191645394, .999998152, -2.80422337e-05, -0.939682961, .00181045406, .342041939);
				PosQBoss = CFrame.new(5191.86133, 2.84020686, 686.438721, -0.731384635, 0, .681965172, 0, 1, 0, -0.681965172, 0, -0.731384635);
			elseif _G.FindBoss == "Swan" then
				bMon = "Swan";
				Qname = "ImpelQuest";
				Qdata = 3;
				PosB = CFrame.new(5325.09619, 7.03906584, 719.570679, -0.309060812, 0, .951042235, 0, 1, 0, -0.951042235, 0, -0.309060812);
				PosQBoss = CFrame.new(5191.86133, 2.84020686, 686.438721, -0.731384635, 0, .681965172, 0, 1, 0, -0.681965172, 0, -0.731384635);
			elseif _G.FindBoss == "Magma Admiral" then
				bMon = "Magma Admiral";
				Qname = "MagmaQuest";
				Qdata = 3;
				PosQBoss = CFrame.new(-5314.6220703125, 12.262420654297, 8517.279296875);
				PosB = CFrame.new(-5765.8969726563, 82.92064666748, 8718.3046875);
			elseif _G.FindBoss == "Fishman Lord" then
				bMon = "Fishman Lord";
				Qname = "FishmanQuest";
				Qdata = 3;
				PosQBoss = CFrame.new(61122.65234375, 18.497442245483, 1569.3997802734);
				PosB = CFrame.new(61260.15234375, 30.950881958008, 1193.4329833984);
			elseif _G.FindBoss == "Wysper" then
				bMon = "Wysper";
				Qname = "SkyExp1Quest";
				Qdata = 3;
				PosQBoss = CFrame.new(-7861.947265625, 5545.517578125, -379.85974121094);
				PosB = CFrame.new(-7866.1333007813, 5576.4311523438, -546.74816894531);
			elseif _G.FindBoss == "Thunder God" then
				bMon = "Thunder God";
				Qname = "SkyExp2Quest";
				Qdata = 3;
				PosQBoss = CFrame.new(-7903.3828125, 5635.9897460938, -1410.923828125);
				PosB = CFrame.new(-7994.984375, 5761.025390625, -2088.6479492188);
			elseif _G.FindBoss == "Cyborg" then
				bMon = "Cyborg";
				Qname = "FountainQuest";
				Qdata = 3;
				PosQBoss = CFrame.new(5258.2788085938, 38.526931762695, 4050.044921875);
				PosB = CFrame.new(6094.0249023438, 73.770050048828, 3825.7348632813);
			elseif _G.FindBoss == "Ice Admiral" then
				bMon = "Ice Admiral";
				Qdata = nil;
				PosQBoss = CFrame.new(1266.08948, 26.1757946, -1399.57678, -0.573599219, 0, -0.81913656, 0, 1, 0, .81913656, 0, -0.573599219);
				PosB = CFrame.new(1266.08948, 26.1757946, -1399.57678, -0.573599219, 0, -0.81913656, 0, 1, 0, .81913656, 0, -0.573599219);
			elseif _G.FindBoss == "Greybeard" then
				bMon = "Greybeard";
				Qdata = nil;
				PosQBoss = CFrame.new(-5081.3452148438, 85.221641540527, 4257.3588867188);
				PosB = CFrame.new(-5081.3452148438, 85.221641540527, 4257.3588867188);
			end;
		end;
		if World2 then
			if _G.FindBoss == "Diamond" then
				bMon = "Diamond";
				Qname = "Area1Quest";
				Qdata = 3;
				PosQBoss = CFrame.new(-427.5666809082, 73.313781738281, 1835.4208984375);
				PosB = CFrame.new(-1576.7166748047, 198.59265136719, 13.724286079407);
			elseif _G.FindBoss == "Jeremy" then
				bMon = "Jeremy";
				Qname = "Area2Quest";
				Qdata = 3;
				PosQBoss = CFrame.new(636.79943847656, 73.413787841797, 918.00415039063);
				PosB = CFrame.new(2006.9261474609, 448.95666503906, 853.98284912109);
			elseif _G.FindBoss == "Fajita" then
				bMon = "Fajita";
				Qname = "MarineQuest3";
				Qdata = 3;
				PosQBoss = CFrame.new(-2441.986328125, 73.359344482422, -3217.5324707031);
				PosB = CFrame.new(-2172.7399902344, 103.32216644287, -4015.025390625);
			elseif _G.FindBoss == "Don Swan" then
				bMon = "Don Swan";
				PosB = CFrame.new(2286.2004394531, 15.177839279175, 863.8388671875);
			elseif _G.FindBoss == "Smoke Admiral" then
				bMon = "Smoke Admiral";
				Qname = "IceSideQuest";
				Qdata = 3;
				PosQBoss = CFrame.new(-5429.0473632813, 15.977565765381, -5297.9614257813);
				PosB = CFrame.new(-5275.1987304688, 20.757257461548, -5260.6669921875);
			elseif _G.FindBoss == "Awakened Ice Admiral" then
				bMon = "Awakened Ice Admiral";
				Qname = "FrostQuest";
				Qdata = 3;
				PosQBoss = CFrame.new(5668.9780273438, 28.519989013672, -6483.3520507813);
				PosB = CFrame.new(6403.5439453125, 340.29766845703, -6894.5595703125);
			elseif _G.FindBoss == "Tide Keeper" then
				bMon = "Tide Keeper";
				Qname = "ForgottenQuest";
				Qdata = 3;
				PosQBoss = CFrame.new(-3053.9814453125, 237.18954467773, -10145.0390625);
				PosB = CFrame.new(-3795.6423339844, 105.88877105713, -11421.307617188);
			elseif _G.FindBoss == "Darkbeard" then
				bMon = "Darkbeard";
				Qdata = nil;
				PosQBoss = CFrame.new(3677.08203125, 62.751937866211, -3144.8332519531);
				PosB = CFrame.new(3677.08203125, 62.751937866211, -3144.8332519531);
			elseif _G.FindBoss == "Cursed Captaim" then
				bMon = "Cursed Captain";
				Qdata = nil;
				PosQBoss = CFrame.new(916.928589, 181.092773, 33422);
				PosB = CFrame.new(916.928589, 181.092773, 33422);
			elseif _G.FindBoss == "Order" then
				bMon = "Order";
				Qdata = nil;
				PosQBoss = CFrame.new(-6217.2021484375, 28.047645568848, -5053.1357421875);
				PosB = CFrame.new(-6217.2021484375, 28.047645568848, -5053.1357421875);
			end;
		end;
		if World3 then
			if _G.FindBoss == "Stone" then
				bMon = "Stone";
				Qname = "PiratePortQuest";
				Qdata = 3;
				PosQBoss = CFrame.new(-289.76705932617, 43.819011688232, 5579.9384765625);
				PosB = CFrame.new(-1027.6512451172, 92.404174804688, 6578.8530273438);
			elseif _G.FindBoss == "Hydra Leader" then
				bMon = "Hydra Leader";
				Qname = "AmazonQuest2";
				Qdata = 3;
				PosQBoss = CFrame.new(5821.8979492188, 1019.0950927734, -73.719230651855);
				PosB = CFrame.new(5821.8979492188, 1019.0950927734, -73.719230651855);
			elseif _G.FindBoss == "Kilo Admiral" then
				bMon = "Kilo Admiral";
				Qname = "MarineTreeIsland";
				Qdata = 3;
				PosQBoss = CFrame.new(2179.3010253906, 28.731239318848, -6739.9741210938);
				PosB = CFrame.new(2764.2233886719, 432.46154785156, -7144.4580078125);
			elseif _G.FindBoss == "Captain Elephant" then
				bMon = "Captain Elephant";
				Qname = "DeepForestIsland";
				Qdata = 3;
				PosQBoss = CFrame.new(-13232.682617188, 332.40396118164, -7626.01171875);
				PosB = CFrame.new(-13376.7578125, 433.28689575195, -8071.392578125);
			elseif _G.FindBoss == "Beautiful Pirate" then
				bMon = "Beautiful Pirate";
				Qname = "DeepForestIsland2";
				Qdata = 3;
				PosQBoss = CFrame.new(-12682.096679688, 390.88653564453, -9902.1240234375);
				PosB = CFrame.new(5283.609375, 22.56223487854, -110.78285217285);
			elseif _G.FindBoss == "Cake Queen" then
				bMon = "Cake Queen";
				Qname = "IceCreamIslandQuest";
				Qdata = 3;
				PosQBoss = CFrame.new(-819.376709, 64.9259796, -10967.2832, -0.766061664, 0, .642767608, 0, 1, 0, -0.642767608, 0, -0.766061664);
				PosB = CFrame.new(-678.648804, 381.353943, -11114.2012, -0.908641815, .00149294338, .41757378, .00837114919, .999857843, .0146408929, -0.417492568, .0167988986, -0.90852499);
			elseif _G.FindBoss == "Longma" then
				bMon = "Longma";
				Qdata = nil;
				PosQBoss = CFrame.new(-10238.875976563, 389.7912902832, -9549.7939453125);
				PosB = CFrame.new(-10238.875976563, 389.7912902832, -9549.7939453125);
			elseif _G.FindBoss == "Soul Reaper" then
				bMon = "Soul Reaper";
				Qdata = nil;
				PosQBoss = CFrame.new(-9524.7890625, 315.80429077148, 6655.7192382813);
				PosB = CFrame.new(-9524.7890625, 315.80429077148, 6655.7192382813);
			end;
		end;
	end;
QuestBeta = function()
		local I = QuestB();
		return {
			[0] = _G.FindBoss,
			[1] = bMon,
			[2] = Qdata,
			[3] = Qname,
			[4] = PosB,
		};
	end;
QuestCheck = function()
    local I = game.Players.LocalPlayer.Data.Level.Value
    
    -- [CORREÇÃO] Fixar level dentro do limite da missão
    if World1 and I > 699 then
        I = 650 -- Força a missão do Galley Captain (Lv 650)
    end
    
    if World2 and I > 1499 then
        I = 1450 -- Força a missão do Water Fighter (Lv 1450)
    end

    if World1 then
        if I == 1 or I <= 9 then
            if tostring(TeamSelf) == "Marines" then
                Mon = "Trainee"
                Qname = "MarineQuest"
                Qdata = 1
                NameMon = "Trainee"
                PosM = CFrame.new(-2709.67944, 24.5206585, 2104.24585)
                PosQ = CFrame.new(-2709.67944, 24.5206585, 2104.24585)
            elseif tostring(TeamSelf) == "Pirates" then
                Mon = "Bandit"
                Qdata = 1
                Qname = "BanditQuest1"
                NameMon = "Bandit"
                PosM = CFrame.new(1045.9626464844, 27.002508163452, 1560.8203125)
                PosQ = CFrame.new(1045.9626464844, 27.002508163452, 1560.8203125)
            end
        elseif I >= 10 and I <= 14 then
            Mon = "Monkey"
            Qdata = 1
            Qname = "JungleQuest"
            NameMon = "Monkey"
            PosQ = CFrame.new(-1598.08911, 35.5501175, 153.377838)
            PosM = CFrame.new(-1448.5180664062, 67.853012084961, 11.465796470642)
        elseif I >= 15 and I <= 29 then
            Mon = "Gorilla"
            Qdata = 2
            Qname = "JungleQuest"
            NameMon = "Gorilla"
            PosQ = CFrame.new(-1598.08911, 35.5501175, 153.377838)
            PosM = CFrame.new(-1129.8836669922, 40.46354675293, -525.42370605469)
        elseif I >= 30 and I <= 39 then
            Mon = "Pirate"
            Qdata = 1
            Qname = "BuggyQuest1"
            NameMon = "Pirate"
            PosQ = CFrame.new(-1141.07483, 4.10001802, 3831.5498)
            PosM = CFrame.new(-1103.5134277344, 13.752052307129, 3896.0910644531)
        elseif I >= 40 and I <= 59 then
            Mon = "Brute"
            Qdata = 2
            Qname = "BuggyQuest1"
            NameMon = "Brute"
            PosQ = CFrame.new(-1141.07483, 4.10001802, 3831.5498)
            PosM = CFrame.new(-1140.0837402344, 14.809885025024, 4322.9213867188)
        elseif I >= 60 and I <= 74 then
            Mon = "Desert Bandit"
            Qdata = 1
            Qname = "DesertQuest"
            NameMon = "Desert Bandit"
            PosQ = CFrame.new(894.488647, 5.14000702, 4392.43359)
            PosM = CFrame.new(924.7998046875, 6.4486746788025, 4481.5859375)
        elseif I >= 75 and I <= 89 then
            Mon = "Desert Officer"
            Qdata = 2
            Qname = "DesertQuest"
            NameMon = "Desert Officer"
            PosQ = CFrame.new(894.488647, 5.14000702, 4392.43359)
            PosM = CFrame.new(1608.2822265625, 8.6142244338989, 4371.0073242188)
        elseif I >= 90 and I <= 99 then
            Mon = "Snow Bandit"
            Qdata = 1
            Qname = "SnowQuest"
            NameMon = "Snow Bandit"
            PosQ = CFrame.new(1389.74451, 88.1519318, -1298.90796)
            PosM = CFrame.new(1354.3479003906, 87.272773742676, -1393.9465332031)
        elseif I >= 100 and I <= 119 then
            Mon = "Snowman"
            Qdata = 2
            Qname = "SnowQuest"
            NameMon = "Snowman"
            PosQ = CFrame.new(1389.74451, 88.1519318, -1298.90796)
            PosM = CFrame.new(1201.6412353515625, 144.57958984375, -1550.0670166015625)
        elseif I >= 120 and I <= 149 then
            Mon = "Chief Petty Officer"
            Qdata = 1
            Qname = "MarineQuest2"
            NameMon = "Chief Petty Officer"
            PosQ = CFrame.new(-5039.58643, 27.3500385, 4324.68018)
            PosM = CFrame.new(-4881.2309570312, 22.652044296265, 4273.7524414062)
        elseif I >= 150 and I <= 174 then
            Mon = "Sky Bandit"
            Qdata = 1
            Qname = "SkyQuest"
            NameMon = "Sky Bandit"
            PosQ = CFrame.new(-4839.53027, 716.368591, -2619.44165)
            PosM = CFrame.new(-4953.20703125, 295.74420166016, -2899.2290039062)
        elseif I >= 175 and I <= 189 then
            Mon = "Dark Master"
            Qdata = 2
            Qname = "SkyQuest"
            NameMon = "Dark Master"
            PosQ = CFrame.new(-4839.53027, 716.368591, -2619.44165)
            PosM = CFrame.new(-5259.8447265625, 391.39767456055, -2229.0354003906)
        elseif I >= 190 and I <= 209 then
            Mon = "Prisoner"
            Qdata = 1
            Qname = "PrisonerQuest"
            NameMon = "Prisoner"
            PosQ = CFrame.new(5308.93115, 1.65517521, 475.120514)
            PosM = CFrame.new(5098.9736328125, -0.3204058110714, 474.23733520508)
        elseif I >= 210 and I <= 249 then
            Mon = "Dangerous Prisoner"
            Qdata = 2
            Qname = "PrisonerQuest"
            NameMon = "Dangerous Prisoner"
            PosQ = CFrame.new(5308.93115, 1.65517521, 475.120514)
            PosM = CFrame.new(5654.5634765625, 15.633401870728, 866.29919433594)
        elseif I >= 250 and I <= 274 then
            Mon = "Toga Warrior"
            Qdata = 1
            Qname = "ColosseumQuest"
            NameMon = "Toga Warrior"
            PosQ = CFrame.new(-1580.04663, 6.35000277, -2986.47534)
            PosM = CFrame.new(-1820.21484375, 51.683856964111, -2740.6650390625)
        elseif I >= 275 and I <= 299 then
            Mon = "Gladiator"
            Qdata = 2
            Qname = "ColosseumQuest"
            NameMon = "Gladiator"
            PosQ = CFrame.new(-1580.04663, 6.35000277, -2986.47534)
            PosM = CFrame.new(-1292.8381347656, 56.380882263184, -3339.0314941406)
        elseif I >= 300 and I <= 324 then
            Mon = "Military Soldier"
            Qdata = 1
            Qname = "MagmaQuest"
            NameMon = "Military Soldier"
            PosQ = CFrame.new(-5313.37012, 10.9500084, 8515.29395)
            PosM = CFrame.new(-5411.1645507812, 11.081554412842, 8454.29296875)
        elseif I >= 325 and I <= 374 then
            Mon = "Military Spy"
            Qdata = 2
            Qname = "MagmaQuest"
            NameMon = "Military Spy"
            PosQ = CFrame.new(-5313.37012, 10.9500084, 8515.29395)
            PosM = CFrame.new(-5802.8681640625, 86.262413024902, 8828.859375)
        elseif I >= 375 and I <= 399 then
            Mon = "Fishman Warrior"
            Qdata = 1
            Qname = "FishmanQuest"
            NameMon = "Fishman Warrior"
            PosQ = CFrame.new(61122.65234375, 18.497442245483, 1569.3997802734)
            PosM = CFrame.new(60878.30078125, 18.482830047607, 1543.7574462891)
            if _G.Level and (PosQ.Position - game.Players.LocalPlayer.Character.HumanoidRootPart.Position).Magnitude > 10000 then
                replicated.Remotes.CommF_:InvokeServer("requestEntrance", Vector3.new(61163.8515625, 11.6796875, 1819.7841796875))
            end
        elseif I >= 400 and I <= 449 then
            Mon = "Fishman Commando"
            Qdata = 2
            Qname = "FishmanQuest"
            NameMon = "Fishman Commando"
            PosQ = CFrame.new(61122.65234375, 18.497442245483, 1569.3997802734)
            PosM = CFrame.new(61922.6328125, 18.482830047607, 1493.9343261719)
            if _G.Level and (PosQ.Position - game.Players.LocalPlayer.Character.HumanoidRootPart.Position).Magnitude > 10000 then
                replicated.Remotes.CommF_:InvokeServer("requestEntrance", Vector3.new(61163.8515625, 11.6796875, 1819.7841796875))
            end
        elseif I >= 450 and I <= 474 then
            Mon = "God's Guard"
            Qdata = 1
            Qname = "SkyExp1Quest"
            NameMon = "God's Guard"
            PosQ = CFrame.new(-4721.88867, 843.874695, -1949.96643)
            PosM = CFrame.new(-4710.04296875, 845.27697753906, -1927.3079833984)
            if _G.Level and (PosQ.Position - game.Players.LocalPlayer.Character.HumanoidRootPart.Position).Magnitude > 10000 then
                replicated.Remotes.CommF_:InvokeServer("requestEntrance", Vector3.new(-4607.82275, 872.54248, -1667.55688))
            end
        elseif I >= 475 and I <= 524 then
            Mon = "Shanda"
            Qdata = 2
            Qname = "SkyExp1Quest"
            NameMon = "Shanda"
            PosQ = CFrame.new(-7859.09814, 5544.19043, -381.476196)
            PosM = CFrame.new(-7678.4897460938, 5566.4038085938, -497.21560668945)
            if _G.Level and (PosQ.Position - game.Players.LocalPlayer.Character.HumanoidRootPart.Position).Magnitude > 10000 then
                replicated.Remotes.CommF_:InvokeServer("requestEntrance", Vector3.new(-7894.6176757813, 5547.1416015625, -380.29119873047))
            end
        elseif I >= 525 and I <= 549 then
            Mon = "Royal Squad"
            Qdata = 1
            Qname = "SkyExp2Quest"
            NameMon = "Royal Squad"
            PosQ = CFrame.new(-7906.81592, 5634.6626, -1411.99194)
            PosM = CFrame.new(-7624.2524414062, 5658.1333007812, -1467.3542480469)
        elseif I >= 550 and I <= 624 then
            Mon = "Royal Soldier"
            Qdata = 2
            Qname = "SkyExp2Quest"
            NameMon = "Royal Soldier"
            PosQ = CFrame.new(-7906.81592, 5634.6626, -1411.99194)
            PosM = CFrame.new(-7836.7534179688, 5645.6640625, -1790.6236572266)
        elseif I >= 625 and I <= 649 then
            Mon = "Galley Pirate"
            Qdata = 1
            Qname = "FountainQuest"
            NameMon = "Galley Pirate"
            PosQ = CFrame.new(5259.81982, 37.3500175, 4050.0293)
            PosM = CFrame.new(5551.0219726562, 78.901351928711, 3930.4128417969)
        elseif I >= 650 then
            Mon = "Galley Captain"
            Qdata = 2
            Qname = "FountainQuest"
            NameMon = "Galley Captain"
            PosQ = CFrame.new(5259.81982, 37.3500175, 4050.0293)
            PosM = CFrame.new(5441.9516601562, 42.502059936523, 4950.09375)
        end
    elseif World2 then
        if I >= 700 and I <= 724 then
            Mon = "Raider"
            Qdata = 1
            Qname = "Area1Quest"
            NameMon = "Raider"
            PosQ = CFrame.new(-429.543518, 71.7699966, 1836.18188)
            PosM = CFrame.new(-728.32672119141, 52.779319763184, 2345.7705078125)
        elseif I >= 725 and I <= 774 then
            Mon = "Mercenary"
            Qdata = 2
            Qname = "Area1Quest"
            NameMon = "Mercenary"
            PosQ = CFrame.new(-429.543518, 71.7699966, 1836.18188)
            PosM = CFrame.new(-1004.3244018555, 80.158866882324, 1424.6193847656)
        elseif I >= 775 and I <= 799 then
            Mon = "Swan Pirate"
            Qdata = 1
            Qname = "Area2Quest"
            NameMon = "Swan Pirate"
            PosQ = CFrame.new(638.43811, 71.769989, 918.282898)
            PosM = CFrame.new(1068.6643066406, 137.61428833008, 1322.1060791016)
        elseif I >= 800 and I <= 874 then
            Mon = "Factory Staff"
            Qname = "Area2Quest"
            Qdata = 2
            NameMon = "Factory Staff"
            PosQ = CFrame.new(632.698608, 73.1055908, 918.666321)
            PosM = CFrame.new(73.078674316406, 81.863441467285, -27.470672607422)
        elseif I >= 875 and I <= 899 then
            Mon = "Marine Lieutenant"
            Qdata = 1
            Qname = "MarineQuest3"
            NameMon = "Marine Lieutenant"
            PosQ = CFrame.new(-2440.79639, 71.7140732, -3216.06812)
            PosM = CFrame.new(-2821.3723144531, 75.897277832031, -3070.0891113281)
        elseif I >= 900 and I <= 949 then
            Mon = "Marine Captain"
            Qdata = 2
            Qname = "MarineQuest3"
            NameMon = "Marine Captain"
            PosQ = CFrame.new(-2440.79639, 71.7140732, -3216.06812)
            PosM = CFrame.new(-1861.2310791016, 80.176582336426, -3254.6975097656)
        elseif I >= 950 and I <= 974 then
            Mon = "Zombie"
            Qdata = 1
            Qname = "ZombieQuest"
            NameMon = "Zombie"
            PosQ = CFrame.new(-5497.06152, 47.5923004, -795.237061)
            PosM = CFrame.new(-5657.7768554688, 78.969734191895, -928.68701171875)
        elseif I >= 975 and I <= 999 then
            Mon = "Vampire"
            Qdata = 2
            Qname = "ZombieQuest"
            NameMon = "Vampire"
            PosQ = CFrame.new(-5497.06152, 47.5923004, -795.237061)
            PosM = CFrame.new(-6037.66796875, 32.184638977051, -1340.6597900391)
        elseif I >= 1000 and I <= 1049 then
            Mon = "Snow Trooper"
            Qdata = 1
            Qname = "SnowMountainQuest"
            NameMon = "Snow Trooper"
            PosQ = CFrame.new(609.858826, 400.119904, -5372.25928)
            PosM = CFrame.new(549.14733886719, 427.38705444336, -5563.6987304688)
        elseif I >= 1050 and I <= 1099 then
            Mon = "Winter Warrior"
            Qdata = 2
            Qname = "SnowMountainQuest"
            NameMon = "Winter Warrior"
            PosQ = CFrame.new(609.858826, 400.119904, -5372.25928)
            PosM = CFrame.new(1142.7451171875, 475.63980102539, -5199.4165039062)
        elseif I >= 1100 and I <= 1124 then
            Mon = "Lab Subordinate"
            Qdata = 1
            Qname = "IceSideQuest"
            NameMon = "Lab Subordinate"
            PosQ = CFrame.new(-6064.06885, 15.2422857, -4902.97852)
            PosM = CFrame.new(-5707.4716796875, 15.951709747314, -4513.3920898438)
        elseif I >= 1125 and I <= 1174 then
            Mon = "Horned Warrior"
            Qdata = 2
            Qname = "IceSideQuest"
            NameMon = "Horned Warrior"
            PosQ = CFrame.new(-6064.06885, 15.2422857, -4902.97852)
            PosM = CFrame.new(-6341.3666992188, 15.951770782471, -5723.162109375)
        elseif I >= 1175 and I <= 1199 then
            Mon = "Magma Ninja"
            Qdata = 1
            Qname = "FireSideQuest"
            NameMon = "Magma Ninja"
            PosQ = CFrame.new(-5428.03174, 15.0622921, -5299.43457)
            PosM = CFrame.new(-5449.6728515625, 76.658744812012, -5808.2006835938)
        elseif I >= 1200 and I <= 1249 then
            Mon = "Lava Pirate"
            Qdata = 2
            Qname = "FireSideQuest"
            NameMon = "Lava Pirate"
            PosQ = CFrame.new(-5428.03174, 15.0622921, -5299.43457)
            PosM = CFrame.new(-5213.3315429688, 49.737880706787, -4701.451171875)
        elseif I >= 1250 and I <= 1274 then
            Mon = "Ship Deckhand"
            Qdata = 1
            Qname = "ShipQuest1"
            NameMon = "Ship Deckhand"
            PosQ = CFrame.new(1037.80127, 125.092171, 32911.6016)
            PosM = CFrame.new(1212.0111083984, 150.79205322266, 33059.24609375)
            if _G.Level and (PosQ.Position - game.Players.LocalPlayer.Character.HumanoidRootPart.Position).Magnitude > 500 then
                replicated.Remotes.CommF_:InvokeServer("requestEntrance", Vector3.new(923.21252441406, 126.9760055542, 32852.83203125))
            end
        elseif I >= 1275 and I <= 1299 then
            Mon = "Ship Engineer"
            Qdata = 2
            Qname = "ShipQuest1"
            NameMon = "Ship Engineer"
            PosQ = CFrame.new(1037.80127, 125.092171, 32911.6016)
            PosM = CFrame.new(919.47863769531, 43.544013977051, 32779.96875)
            if _G.Level and (PosQ.Position - game.Players.LocalPlayer.Character.HumanoidRootPart.Position).Magnitude > 500 then
                replicated.Remotes.CommF_:InvokeServer("requestEntrance", Vector3.new(923.21252441406, 126.9760055542, 32852.83203125))
            end
        elseif I >= 1300 and I <= 1324 then
            Mon = "Ship Steward"
            Qdata = 1
            Qname = "ShipQuest2"
            NameMon = "Ship Steward"
            PosQ = CFrame.new(968.80957, 125.092171, 33244.125)
            PosM = CFrame.new(919.43853759766, 129.55599975586, 33436.03515625)
            if _G.Level and (PosQ.Position - game.Players.LocalPlayer.Character.HumanoidRootPart.Position).Magnitude > 500 then
                replicated.Remotes.CommF_:InvokeServer("requestEntrance", Vector3.new(923.21252441406, 126.9760055542, 32852.83203125))
            end
        elseif I >= 1325 and I <= 1349 then
            Mon = "Ship Officer"
            Qdata = 2
            Qname = "ShipQuest2"
            NameMon = "Ship Officer"
            PosQ = CFrame.new(968.80957, 125.092171, 33244.125)
            PosM = CFrame.new(1036.0179443359, 181.4390411377, 33315.7265625)
            if _G.Level and (PosQ.Position - game.Players.LocalPlayer.Character.HumanoidRootPart.Position).Magnitude > 500 then
                replicated.Remotes.CommF_:InvokeServer("requestEntrance", Vector3.new(923.21252441406, 126.9760055542, 32852.83203125))
            end
        elseif I >= 1350 and I <= 1374 then
            Mon = "Arctic Warrior"
            Qdata = 1
            Qname = "FrostQuest"
            NameMon = "Arctic Warrior"
            PosQ = CFrame.new(5667.6582, 26.7997818, -6486.08984)
            PosM = CFrame.new(5966.24609375, 62.970020294189, -6179.3828125)
        elseif I >= 1375 and I <= 1424 then
            Mon = "Snow Lurker"
            Qdata = 2
            Qname = "FrostQuest"
            NameMon = "Snow Lurker"
            PosQ = CFrame.new(5667.6582, 26.7997818, -6486.08984)
            PosM = CFrame.new(5407.0737304688, 69.194374084473, -6880.8803710938)
        elseif I >= 1425 and I <= 1449 then
            Mon = "Sea Soldier"
            Qdata = 1
            Qname = "ForgottenQuest"
            NameMon = "Sea Soldier"
            PosQ = CFrame.new(-3054.44458, 235.544281, -10142.8193)
            PosM = CFrame.new(-3028.2236328125, 64.674514770508, -9775.4267578125)
        elseif I >= 1450 then
            Mon = "Water Fighter"
            Qdata = 2
            Qname = "ForgottenQuest"
            NameMon = "Water Fighter"
            PosQ = CFrame.new(-3054.44458, 235.544281, -10142.8193)
            PosM = CFrame.new(-3352.9013671875, 285.01556396484, -10534.841796875)
        end
    elseif World3 then
if I == 1500 or I <= 1524 then
Mon = "Pirate Millionaire"
Qdata = 1
Qname = "PiratePortQuest"
NameMon = "Pirate Millionaire"
PosQ = CFrame.new(-290.07, 42.90, 5581.59)
PosM = CFrame.new(-246.00, 47.31, 5584.10)
elseif I == 1525 or I <= 1574 then
Mon = "Pistol Billionaire"
Qdata = 2
Qname = "PiratePortQuest"
NameMon = "Pistol Billionaire"
PosQ = CFrame.new(-290.07, 42.90, 5581.59)
PosM = CFrame.new(-187.33, 86.24, 6013.51)
		elseif I == 1575 or I <= 1599 then
    Mon = "Dragon Crew Warrior"
    Qdata = 1
    Qname = "DragonCrewQuest"
    NameMon = "Dragon Crew Warrior"
    PosQ = CFrame.new(6737.06055,127.417763,-712.300659,-0.463954359,-7.19574755e-09,0.885859072,7.69187665e-08,1,4.84078626e-08,-0.885859072,9.05982276e-08,-0.463954359)
    PosM = CFrame.new(6709.76367,52.3442993,-1139.02966,-0.763515472,0,0.645789504,0,1,0,-0.645789504,0,-0.763515472)
elseif I == 1600 or I <= 1624 then
    Mon = "Dragon Crew Archer"
    Qdata = 2
    Qname = "DragonCrewQuest"
    NameMon = "Dragon Crew Archer"
    PosQ = CFrame.new(6737.06055,127.417763,-712.300659,-0.463954359,-7.19574755e-09,0.885859072,7.69187665e-08,1,4.84078626e-08,-0.885859072,9.05982276e-08,-0.463954359)
    PosM = CFrame.new(6668.76172,481.376923,329.12207,-0.121787429,0,-0.992556155,0,1,0,0.992556155,0,-0.121787429)
elseif I == 1625 or I <= 1649 then
    Mon = "Hydra Enforcer"
    Qname = "VenomCrewQuest"
    Qdata = 1
    NameMon = "Hydra Enforcer"
    PosQ = CFrame.new(5206.40185546875, 1004.10498046875, 748.3504638671875)
    PosM = CFrame.new(4547.11523, 1003.10217, 334.194824, 0.388810456, -0, -0.921317935, 0, 1, -0, 0.921317935, 0, 0.388810456)
elseif I == 1650 or I <= 1699 then
    Mon = "Venomous Assailant"
    Qname = "VenomCrewQuest"
    Qdata = 2
    NameMon = "Venomous Assailant"
    PosQ = CFrame.new(5206.40185546875, 1004.10498046875, 748.3504638671875)
    PosM = CFrame.new(4674.92676, 1134.82654, 996.308838, 0.731321394, -0, -0.682033002, 0, 1, -0, 0.682033002, 0, 0.731321394)
		elseif I == 1700 or I <= 1724 then
			Mon = "Marine Commodore"
			Qdata = 1
			Qname = "MarineTreeIsland"
			NameMon = "Marine Commodore"
			PosQ = CFrame.new(2180.54126, 27.8156815, -6741.5498, -0.965929747, 0, .258804798, 0, 1, 0, -0.258804798, 0, -0.965929747)
			PosM = CFrame.new(2286.0078125, 73.133918762207, -7159.8090820312)
		elseif I == 1725 or I <= 1774 then
			Mon = "Marine Rear Admiral"
			NameMon = "Marine Rear Admiral"
			Qname = "MarineTreeIsland"
			Qdata = 2
			PosQ = CFrame.new(2179.98828125, 28.731239318848, -6740.0551757813)
			PosM = CFrame.new(3656.7736816406, 160.52406311035, -7001.5986328125)
		elseif I == 1775 or I <= 1799 then
			Mon = "Fishman Raider"
			Qdata = 1
			Qname = "DeepForestIsland3"
			NameMon = "Fishman Raider"
			PosQ = CFrame.new(-10581.6563, 330.872955, -8761.18652, -0.882952213, 0, .469463557, 0, 1, 0, -0.469463557, 0, -0.882952213)
			PosM = CFrame.new(-10407.526367188, 331.76263427734, -8368.5166015625)
		elseif I == 1800 or I <= 1824 then
			Mon = "Fishman Captain"
			Qdata = 2
			Qname = "DeepForestIsland3"
			NameMon = "Fishman Captain"
			PosQ = CFrame.new(-10581.6563, 330.872955, -8761.18652, -0.882952213, 0, .469463557, 0, 1, 0, -0.469463557, 0, -0.882952213)
			PosM = CFrame.new(-10994.701171875, 352.38140869141, -9002.1103515625)
		elseif I == 1825 or I <= 1849 then
			Mon = "Forest Pirate"
			Qdata = 1
			Qname = "DeepForestIsland"
			NameMon = "Forest Pirate"
			PosQ = CFrame.new(-13234.04, 331.488495, -7625.40137, .707134247, 0, -0.707079291, 0, 1, 0, .707079291, 0, .707134247)
			PosM = CFrame.new(-13274.478515625, 332.37814331055, -7769.5805664062)
		elseif I == 1850 or I <= 1899 then
			Mon = "Mythological Pirate"
			Qdata = 2
			Qname = "DeepForestIsland"
			NameMon = "Mythological Pirate"
			PosQ = CFrame.new(-13234.04, 331.488495, -7625.40137, .707134247, 0, -0.707079291, 0, 1, 0, .707079291, 0, .707134247)
			PosM = CFrame.new(-13680.607421875, 501.08154296875, -6991.189453125)
		elseif I == 1900 or I <= 1924 then
			Mon = "Jungle Pirate"
			Qdata = 1
			Qname = "DeepForestIsland2"
			NameMon = "Jungle Pirate"
			PosQ = CFrame.new(-12680.3818, 389.971039, -9902.01953, -0.0871315002, 0, .996196866, 0, 1, 0, -0.996196866, 0, -0.0871315002)
			PosM = CFrame.new(-12256.16015625, 331.73828125, -10485.836914062)
		elseif I == 1925 or I <= 1974 then
			Mon = "Musketeer Pirate"
			Qdata = 2
			Qname = "DeepForestIsland2"
			NameMon = "Musketeer Pirate"
			PosQ = CFrame.new(-12680.3818, 389.971039, -9902.01953, -0.0871315002, 0, .996196866, 0, 1, 0, -0.996196866, 0, -0.0871315002)
			PosM = CFrame.new(-13457.904296875, 391.54565429688, -9859.177734375)
		elseif I == 1975 or I <= 1999 then
			Mon = "Reborn Skeleton"
			Qdata = 1
			Qname = "HauntedQuest1"
			NameMon = "Reborn Skeleton"
			PosQ = CFrame.new(-9479.2168, 141.215088, 5566.09277, 0, 0, 1, 0, 1, 0, -1, 0, 0)
			PosM = CFrame.new(-8763.7236328125, 165.72299194336, 6159.8618164062)
		elseif I == 2000 or I <= 2024 then
			Mon = "Living Zombie"
			Qdata = 2
			Qname = "HauntedQuest1"
			NameMon = "Living Zombie"
			PosQ = CFrame.new(-9479.2168, 141.215088, 5566.09277, 0, 0, 1, 0, 1, 0, -1, 0, 0)
			PosM = CFrame.new(-10144.131835938, 138.6266784668, 5838.0888671875)
		elseif I == 2025 or I <= 2049 then
			Mon = "Demonic Soul"
			Qdata = 1
			Qname = "HauntedQuest2"
			NameMon = "Demonic Soul"
			PosQ = CFrame.new(-9516.99316, 172.017181, 6078.46533, 0, 0, -1, 0, 1, 0, 1, 0, 0)
			PosM = CFrame.new(-9505.8720703125, 172.10482788086, 6158.9931640625)
		elseif I == 2050 or I <= 2074 then
			Mon = "Posessed Mummy"
			Qdata = 2
			Qname = "HauntedQuest2"
			NameMon = "Posessed Mummy"
			PosQ = CFrame.new(-9516.99316, 172.017181, 6078.46533, 0, 0, -1, 0, 1, 0, 1, 0, 0)
			PosM = CFrame.new(-9582.0224609375, 6.2515273094177, 6205.478515625)
		elseif I == 2075 or I <= 2099 then
			Mon = "Peanut Scout"
			Qdata = 1
			Qname = "NutsIslandQuest"
			NameMon = "Peanut Scout"
			PosQ = CFrame.new(-2104.3908691406, 38.104167938232, -10194.21875, 0, 0, -1, 0, 1, 0, 1, 0, 0)
			PosM = CFrame.new(-2143.2419433594, 47.721984863281, -10029.995117188)
		elseif I == 2100 or I <= 2124 then
			Mon = "Peanut President"
			Qdata = 2
			Qname = "NutsIslandQuest"
			NameMon = "Peanut President"
			PosQ = CFrame.new(-2104.3908691406, 38.104167938232, -10194.21875, 0, 0, -1, 0, 1, 0, 1, 0, 0)
			PosM = CFrame.new(-1859.3540039062, 38.103168487549, -10422.4296875)
		elseif I == 2125 or I <= 2149 then
			Mon = "Ice Cream Chef"
			Qdata = 1
			Qname = "IceCreamIslandQuest"
			NameMon = "Ice Cream Chef"
			PosQ = CFrame.new(-820.64825439453, 65.819526672363, -10965.795898438, 0, 0, -1, 0, 1, 0, 1, 0, 0)
			PosM = CFrame.new(-872.24658203125, 65.81957244873, -10919.95703125)
		elseif I == 2150 or I <= 2199 then
			Mon = "Ice Cream Commander"
			Qdata = 2
			Qname = "IceCreamIslandQuest"
			NameMon = "Ice Cream Commander"
			PosQ = CFrame.new(-820.64825439453, 65.819526672363, -10965.795898438, 0, 0, -1, 0, 1, 0, 1, 0, 0)
			PosM = CFrame.new(-558.06103515625, 112.04895782471, -11290.774414062)
		elseif I == 2200 or I <= 2224 then
			Mon = "Cookie Crafter"
			Qdata = 1
			Qname = "CakeQuest1"
			NameMon = "Cookie Crafter"
			PosQ = CFrame.new(-2021.32007, 37.7982254, -12028.7295, .957576931, -8.80302053e-08, .288177818, 6.9301187e-08, 1, 7.51931211e-08, -0.288177818, -5.2032135e-08, .957576931)
			PosM = CFrame.new(-2374.13671875, 37.798263549805, -12125.30859375)
		elseif I == 2225 or I <= 2249 then
			Mon = "Cake Guard"
			Qdata = 2
			Qname = "CakeQuest1"
			NameMon = "Cake Guard"
			PosQ = CFrame.new(-2021.32007, 37.7982254, -12028.7295, .957576931, -8.80302053e-08, .288177818, 6.9301187e-08, 1, 7.51931211e-08, -0.288177818, -5.2032135e-08, .957576931)
			PosM = CFrame.new(-1598.3070068359, 43.773197174072, -12244.581054688)
		elseif I == 2250 or I <= 2274 then
			Mon = "Baking Staff"
			Qdata = 1
			Qname = "CakeQuest2"
			NameMon = "Baking Staff"
			PosQ = CFrame.new(-1927.91602, 37.7981339, -12842.5391, -0.96804446, 4.22142143e-08, .250778586, 4.74911062e-08, 1, 1.49904711e-08, -0.250778586, 2.64211941e-08, -0.96804446)
			PosM = CFrame.new(-1887.8099365234, 77.618507385254, -12998.350585938)
		elseif I == 2275 or I <= 2299 then
			Mon = "Head Baker"
			Qdata = 2
			Qname = "CakeQuest2"
			NameMon = "Head Baker"
			PosQ = CFrame.new(-1927.91602, 37.7981339, -12842.5391, -0.96804446, 4.22142143e-08, .250778586, 4.74911062e-08, 1, 1.49904711e-08, -0.250778586, 2.64211941e-08, -0.96804446)
			PosM = CFrame.new(-2216.1882324219, 82.884521484375, -12869.293945312)
		elseif I == 2300 or I <= 2324 then
			Mon = "Cocoa Warrior"
			Qdata = 1
			Qname = "ChocQuest1"
			NameMon = "Cocoa Warrior"
			PosQ = CFrame.new(233.22836303711, 29.876001358032, -12201.233398438)
			PosM = CFrame.new(-21.553283691406, 80.574996948242, -12352.387695312)
		elseif I == 2325 or I <= 2349 then
			Mon = "Chocolate Bar Battler"
			Qdata = 2
			Qname = "ChocQuest1"
			NameMon = "Chocolate Bar Battler"
			PosQ = CFrame.new(233.22836303711, 29.876001358032, -12201.233398438)
			PosM = CFrame.new(582.59057617188, 77.188095092773, -12463.162109375)
		elseif I == 2350 or I <= 2374 then
			Mon = "Sweet Thief"
			Qdata = 1
			Qname = "ChocQuest2"
			NameMon = "Sweet Thief"
			PosQ = CFrame.new(150.50663757324, 30.693693161011, -12774.502929688)
			PosM = CFrame.new(165.1884765625, 76.058853149414, -12600.836914062)
		elseif I == 2375 or I <= 2399 then
			Mon = "Candy Rebel"
			Qdata = 2
			Qname = "ChocQuest2"
			NameMon = "Candy Rebel"
			PosQ = CFrame.new(150.50663757324, 30.693693161011, -12774.502929688)
			PosM = CFrame.new(134.86563110352, 77.247680664062, -12876.547851562)
		elseif I == 2400 or I <= 2449 then
			Mon = "Candy Pirate"
			Qdata = 1
			Qname = "CandyQuest1"
			NameMon = "Candy Pirate"
			PosQ = CFrame.new(-1150.0400390625, 20.378934860229, -14446.334960938)
			PosM = CFrame.new(-1310.5003662109, 26.016523361206, -14562.404296875)
		elseif I == 2450 or I <= 2474 then
			Mon = "Isle Outlaw"
			Qdata = 1
			Qname = "TikiQuest1"
			NameMon = "Isle Outlaw"
			PosQ = CFrame.new(-16548.8164, 55.6059914, -172.8125, .213092566, 0, -0.977032006, 0, 1, 0, .977032006, 0, .213092566)
			PosM = CFrame.new(-16479.900390625, 226.6117401123, -300.31143188477)
		elseif I == 2475 or I <= 2499 then
			Mon = "Island Boy"
			Qdata = 2
			Qname = "TikiQuest1"
			NameMon = "Island Boy"
			PosQ = CFrame.new(-16548.8164, 55.6059914, -172.8125, .213092566, 0, -0.977032006, 0, 1, 0, .977032006, 0, .213092566)
			PosM = CFrame.new(-16849.396484375, 192.86505126953, -150.78532409668)
		elseif I == 2500 or I <= 2524 then
			Mon = "Sun-kissed Warrior"
			Qdata = 1
			Qname = "TikiQuest2"
			NameMon = "kissed Warrior"
			PosM = CFrame.new(-16347, 64, 984)
			PosQ = CFrame.new(-16538, 55, 1049)
		elseif I == 2525 or I <= 2550 then
			Mon = "Isle Champion"
			Qdata = 2
			Qname = "TikiQuest2"
			NameMon = "Isle Champion"
			PosQ = CFrame.new(-16541.0215, 57.3082275, 1051.46118, .0410757065, 0, -0.999156058, 0, 1, 0, .999156058, 0, .0410757065)
			PosM = CFrame.new(-16602.1015625, 130.38734436035, 1087.2456054688)
		elseif I == 2551 or I <= 2574 then
			Mon = "Serpent Hunter"
			Qdata = 1
			Qname = "TikiQuest3"
			NameMon = "Serpent Hunter"
			PosQ = CFrame.new(-16668.03,105.32,1568.60)
			PosM = CFrame.new(-16645.64,163.09,1352.87)
		elseif I >= 2575 and I <= 2599 then 
			Mon = "Skull Slayer"
			Qdata = 2
			Qname = "TikiQuest3"
			NameMon = "Skull Slayer"
			PosQ = CFrame.new(-16668.03,105.32,1568.60)
			PosM = CFrame.new(-16709.49,419.68,1751.09)
		elseif I >= 2600 and I <= 2624 then
			PosQ = CFrame.new(10778.875, -2087.72437, 9265.18359, 0.934615612, -9.33109447e-08, -0.355659455, 9.17655143e-08, 1, -2.12154276e-08, 0.355659455, -1.28090019e-08, 0.934615612)
			if (getgenv().AutoFarm or _G.Level) and (PosQ.Position - game.Players.LocalPlayer.Character.HumanoidRootPart.Position).Magnitude > 10000 then
